PAIR of
Id1 Id2
9803 69682
9807 56649
9848 90900
9863 15252
9876 13884
9878 11348
9883 61597
9890 51661
9893 61235
9920 46193
9938 15598
9957 81303
9959 58999
10008 13607
10012 79653
10020 69116
10023 19011
10035 80307
10037 56154
10040 89670
10043 27987
10060 41871
10079 72672
10107 68022
10140 40248
10167 19457
10227 92769
10237 32524
10245 84759
10250 30434
10252 26881
10263 27528
10272 54872
10275 23438
10300 90809
10303 34852
10305 27851
10339 47603
10351 80304
10359 37059
10396 46913
10418 50810
10419 85085
10432 47094
10437 20233
10445 18014
10446 14946
10457 41548
10465 74600
10489 26158
10496 29789
10512 61621
10560 46979
10570 71721
10577 64119
10579 53143
10584 28819
10599 66359
10603 30283
10617 42666
10622 55076
10669 48752
10673 36318
10683 90236
10697 75362
10701 85143
10706 79513
10708 55540
10763 66097
10789 23230
10801 89739
10813 49747
10830 11883
10832 54573
10836 43787
10860 77800
10870 29282
10877 60156
10885 62557
10895 12056
10902 27193
10913 45942
10916 32867
10925 44443
10938 23180
10941 34334
10950 37126
11008 84524
11024 16356
11026 48110
11062 58884
11064 25416
11076 59924
11115 89433
11181 29679
11192 49353
11194 31264
11203 43110
11205 14220
11206 80366
11222 38575
11246 44856
11299 83208
11311 85756
11315 83680
11321 76918
11328 32527
11351 24046
11354 61068
11359 48636
11369 84730
11374 69215
11382 79696
11423 46883
11430 45131
11452 48829
11494 24221
11533 31660
11557 16790
11588 76728
11604 70283
11612 64552
11614 79647
11621 80025
11648 79848
11688 29299
11690 14854
11735 59738
11737 92007
11755 92211
11758 64782
11765 19723
11770 67775
11787 65429
11814 55673
11815 40636
11816 31179
11819 90383
11841 15727
11842 53985
11844 77477
11846 14426
11871 48444
11875 12833
11890 83104
11894 83655
11917 89243
11927 76529
11931 50223
11934 48888
11935 80576
11990 36619
12006 70757
12024 32940
12045 87000
12059 27168
12072 49367
12102 27795
12129 63805
12137 15371
12170 17337
12188 54025
12206 41417
12218 24736
12227 86263
12244 25280
12254 67122
12260 66101
12274 19170
12319 59755
12323 23224
12335 78890
12336 52483
12393 77303
12408 21530
12413 45498
12440 42978
12445 89833
12491 75753
12509 30362
12512 55254
12521 68583
12547 53337
12549 80474
12558 32449
12559 83936
12560 90960
12591 58823
12620 16858
12625 21674
12630 48880
12632 49046
12638 45859
12640 70356
12652 40995
12674 43788
12689 33685
12690 53730
12705 91098
12720 76657
12724 23169
12733 92267
12734 78246
12758 72229
12762 73459
12767 64854
12772 38148
12774 91533
12784 17155
12791 15372
12816 71470
12817 48519
12824 36156
12825 61672
12836 29388
12841 53355
12849 25573
12863 55462
12897 14167
12911 17280
12916 31055
12928 49079
12957 83084
12961 31820
12964 89399
13000 42639
13026 44375
13042 49095
13043 73755
13051 45985
13055 69828
13099 28836
13100 23594
13118 75538
13142 47149
13154 64668
13196 64202
13201 64848
13223 15977
13247 73923
13257 85882
13267 22207
13276 24407
13279 55150
13291 36585
13293 56861
13317 84717
13332 83800
13335 67581
13347 65149
13349 75238
13384 86407
13398 67710
13405 18333
13413 29733
13414 21078
13426 57289
13427 59629
13434 70525
13436 57357
13451 41763
13456 15176
13460 89365
13483 51896
13546 82530
13558 26215
13559 22718
13562 84594
13589 31198
13597 55653
13621 63889
13622 17609
13633 58014
13664 58572
13671 45747
13688 19459
13692 79945
13695 60676
13706 86065
13713 51451
13715 64638
13717 53318
13718 28427
13720 14251
13745 67939
13751 78719
13756 46173
13766 58405
13776 16431
13777 32139
13780 55610
13787 26181
13788 40466
13800 82263
13811 56834
13820 58615
13821 40215
13831 34025
13851 17417
13871 72482
13872 52872
13875 22941
13891 64213
13905 45173
13908 28468
13940 64106
13942 51019
13997 76036
14006 61923
14008 48321
14032 71181
14039 43546
14057 81425
14068 57552
14081 61310
14093 34860
14099 34813
14107 22041
14117 44976
14136 40958
14138 39051
14146 31343
14151 80920
14158 73436
14160 63077
14161 60048
14165 22309
14236 34118
14258 18342
14311 64551
14338 89932
14372 39805
14380 14716
14391 55633
14392 76691
14424 45389
14437 20317
14445 44850
14449 41672
14455 62496
14456 39502
14458 61881
14513 76899
14525 49175
14542 70496
14560 29489
14607 35657
14664 73264
14695 50950
14709 88087
14726 49411
14735 86394
14766 16137
14814 17673
14835 79362
14857 29954
14861 57510
14884 63417
14891 72759
14894 70223
14922 58508
14930 66136
14951 41523
14952 32382
14957 26067
14970 28918
14973 92482
14988 89010
14992 19370
15011 70942
15014 28376
15022 31394
15031 91108
15043 33350
15060 81960
15066 31217
15070 46014
15075 51950
15122 28066
15137 48869
15146 16463
15159 34149
15171 30241
15183 23052
15244 74592
15247 81081
15249 84886
15255 49707
15270 42826
15285 60081
15313 84494
15319 18966
15320 69464
15368 67635
15378 74255
15429 26620
15436 80240
15440 76100
15448 27573
15454 80036
15456 36335
15461 86459
15481 35384
15506 85148
15514 68335
15518 85011
15532 43350
15539 56137
15556 26351
15574 62997
15623 43499
15638 85649
15710 71528
15745 83743
15785 85327
15817 86769
15827 88314
15829 27873
15843 83064
15870 39333
15906 42678
15908 77970
15910 33422
15934 64467
15959 84771
16008 87644
16031 26399
16038 63657
16039 37296
16055 43794
16085 84004
16109 18422
16147 72590
16157 36256
16197 82949
16198 39259
16222 39060
16228 75738
16250 57569
16315 53995
16352 34501
16353 39477
16362 38986
16390 90615
16430 17922
16434 40201
16441 82837
16451 66864
16453 35620
16454 67954
16465 33990
16483 68794
16489 84377
16494 30291
16495 49205
16552 27207
16569 19535
16573 27863
16575 83197
16602 26899
16606 72032
16618 17108
16624 25081
16635 46808
16637 22752
16647 62046
16658 30433
16673 66949
16674 56085
16697 69582
16714 64581
16737 52791
16754 60934
16761 58299
16789 43616
16792 66454
16814 24084
16820 58696
16824 56607
16826 48004
16835 64700
16876 62445
16880 42422
16881 58674
16883 71172
16892 71753
16924 25452
16931 50631
16955 70265
16960 64223
16999 22859
17005 74898
17034 77154
17047 85125
17050 37286
17078 58344
17086 53996
17094 53304
17107 88861
17138 31128
17211 83636
17217 62001
17223 41513
17231 30278
17246 50773
17255 24773
17296 72604
17317 49423
17321 33848
17353 66111
17371 39357
17373 78754
17376 22906
17385 89293
17428 65649
17434 26155
17463 73885
17466 48942
17477 37280
17479 28260
17512 32807
17521 77684
17526 31427
17532 33460
17535 48725
17537 35184
17538 27625
17557 77692
17558 73564
17596 41321
17606 37686
17654 74396
17698 63985
17757 65377
17788 31196
17790 42466
17803 78030
17805 41739
17819 32955
17829 77749
17837 71254
17862 53822
17875 63306
17884 52700
17887 18552
17890 35506
17914 72684
17942 55766
17955 89712
17958 70101
17963 83558
17967 91262
17999 40306
18013 51275
18017 60312
18018 67014
18032 83640
18101 30927
18109 74459
18115 68758
18124 59316
18144 43672
18160 21963
18198 64156
18202 42045
18208 18239
18209 40573
18234 36257
18243 88027
18251 66914
18351 79718
18356 92678
18383 55886
18387 62675
18423 37301
18435 82524
18444 27717
18446 19969
18459 54341
18465 66779
18469 55708
18488 78735
18527 56523
18553 87498
18575 66054
18576 88810
18597 56966
18604 72033
18606 42681
18614 32060
18682 52502
18706 62006
18769 50254
18801 21446
18826 33159
18867 71518
18901 78824
18950 80931
18952 53631
18963 40177
18968 89542
18973 70298
18978 36010
18982 34002
18997 32721
18999 34187
19004 43736
19007 71793
19071 51090
19139 50075
19140 62403
19151 20009
19167 88238
19192 67016
19201 35126
19211 49279
19217 29665
19246 26332
19263 75251
19298 38019
19352 85962
19381 36552
19482 90529
19494 65428
19512 41951
19537 37277
19542 58120
19565 39489
19569 82110
19578 69765
19604 44319
19655 38595
19658 32433
19667 70973
19725 33559
19769 39505
19789 87893
19791 65974
19805 30515
19856 74054
19886 70846
19893 57253
19914 33498
19936 85508
19945 55814
19971 68503
20014 32053
20020 53154
20031 46051
20033 39488
20054 31064
20131 23558
20135 22473
20178 53068
20203 79483
20229 41014
20232 28586
20234 58726
20248 87094
20255 54512
20294 76681
20300 76939
20301 20753
20303 68659
20316 80990
20327 91245
20337 46627
20342 38880
20344 70963
20390 33467
20410 38338
20416 86928
20443 58543
20448 32739
20510 29016
20522 85510
20534 47558
20541 74050
20554 46590
20620 76574
20629 80957
20633 66830
20646 76266
20652 86955
20664 92286
20666 79677
20667 49948
20675 40989
20683 31592
20688 88818
20696 65131
20756 31036
20766 35946
20788 58415
20797 72048
20845 55840
20852 62697
20889 50142
20890 53067
20966 56290
20972 58450
20978 54638
20980 26180
20984 38992
20991 48091
21020 53602
21045 74771
21093 82646
21097 89111
21121 31616
21128 30940
21143 83617
21144 52240
21148 71394
21158 36313
21162 34158
21167 75860
21203 40256
21213 68030
21242 63134
21330 76938
21358 34473
21373 55288
21381 82667
21399 51300
21407 54710
21426 80492
21450 74960
21500 45736
21511 85495
21517 91746
21527 52222
21541 77958
21560 43520
21611 60613
21616 58366
21630 28264
21688 82278
21722 56974
21729 33861
21747 40639
21768 75146
21784 23506
21818 70810
21842 44935
21853 52030
21860 64986
21942 53327
21968 34070
21999 61131
22036 85234
22045 79019
22079 23616
22140 70357
22146 23172
22160 58855
22190 78706
22193 37791
22228 52852
22268 83019
22279 53464
22376 74923
22385 82731
22393 54635
22400 24851
22403 64543
22451 50061
22474 51671
22481 73694
22540 56190
22556 77110
22594 53447
22608 25642
22644 28032
22666 53702
22743 78701
22748 63214
22783 82512
22815 36352
22837 76843
22848 73670
22850 53022
22853 70227
22885 91710
22891 84826
22919 62470
22922 72701
22928 50324
22982 46289
23071 70236
23114 65760
23124 30303
23132 87928
23134 68119
23152 52399
23156 73517
23160 53001
23161 79776
23188 68192
23287 23501
23288 90068
23309 79645
23332 27321
23375 59518
23383 87320
23395 39428
23414 61641
23455 34178
23463 89455
23497 30302
23518 42605
23549 58340
23554 37008
23566 62420
23578 70327
23599 75103
23617 34046
23626 61546
23627 75282
23664 66654
23712 48305
23718 80594
23751 33109
23786 52369
23796 54888
23802 65221
23810 50486
23820 30378
23842 65870
23853 76800
23875 48350
23883 47445
23901 65215
23916 57615
23942 61313
23943 51260
23983 89021
23985 71962
24016 56115
24055 27310
24072 32195
24074 56633
24081 85101
24098 50964
24113 73728
24118 58861
24124 24895
24141 92422
24157 87359
24166 37553
24179 87954
24219 52235
24231 53691
24245 62887
24251 45885
24261 83393
24272 87491
24349 62366
24368 29194
24369 53194
24386 77389
24390 44871
24399 29128
24400 83554
24422 63317
24455 47468
24461 79893
24466 79977
24484 72789
24500 42074
24560 90651
24580 45703
24613 86508
24620 75279
24669 50652
24730 41907
24737 89779
24745 40107
24748 46350
24780 91357
24784 55602
24841 64669
24843 34292
24862 48133
24882 49073
24917 76189
24930 59233
24949 70614
24956 42869
24975 46777
25018 59369
25045 65172
25046 41120
25054 32794
25085 30677
25110 53493
25112 88300
25117 35614
25174 82867
25179 53674
25211 82462
25256 52269
25268 75318
25313 87937
25373 34551
25379 91714
25418 69123
25428 64682
25438 49038
25444 44481
25453 44046
25490 37826
25546 86367
25556 64520
25589 62382
25700 67833
25712 53491
25728 65890
25745 64261
25839 63688
25844 32219
25870 27252
25895 30281
25898 50664
25964 52926
25975 35234
25980 58634
26012 90540
26033 66271
26041 40940
26058 85482
26065 90060
26095 92188
26121 42526
26125 54417
26136 39543
26148 82513
26178 44999
26179 56656
26195 29098
26287 70218
26301 59346
26305 45480
26397 66207
26416 55767
26439 92182
26443 61818
26452 72979
26514 38516
26537 73765
26557 27309
26570 62259
26587 63506
26598 89101
26605 91112
26633 58462
26635 68401
26669 38186
26670 52426
26674 85665
26681 36588
26703 45352
26717 50131
26723 63807
26750 76613
26802 45719
26806 40329
26862 33778
26926 44961
26938 87661
27002 54881
27008 63555
27014 43003
27017 67063
27032 47572
27158 71544
27195 73350
27199 56865
27218 27775
27230 48508
27311 37473
27347 83778
27393 91310
27401 50833
27412 34059
27417 29961
27427 77090
27431 73285
27451 56009
27475 61354
27578 65702
27587 57997
27597 62017
27598 60802
27610 37457
27623 75795
27624 32727
27637 90476
27701 68704
27765 86162
27772 61033
27780 52730
27796 88205
27804 59496
27823 73901
27852 31910
27904 90402
27956 92657
27983 59843
28024 42648
28055 66309
28082 87078
28104 39270
28150 63924
28172 56901
28244 41783
28253 60749
28270 41334
28279 70114
28283 63416
28308 33872
28310 85497
28354 58656
28391 83211
28392 71098
28422 73737
28479 88638
28493 77618
28514 71208
28539 37353
28602 86427
28637 56729
28645 62438
28659 77190
28679 79784
28686 69662
28701 56126
28738 38045
28769 50590
28785 41136
28831 50389
28842 85637
28851 58239
28860 38561
28915 42559
28917 89943
28921 67942
28930 87486
28943 74455
28979 37609
29026 41175
29037 39413
29059 63695
29060 36553
29097 29416
29127 59662
29137 48767
29185 60728
29228 79159
29237 76853
29289 74564
29292 50924
29314 71964
29327 60465
29365 44620
29378 82562
29380 69221
29393 43926
29417 56598
29431 44491
29444 68950
29467 46776
29482 52453
29558 58135
29571 72010
29585 64247
29588 63370
29599 32638
29603 54666
29635 34586
29650 61086
29673 60735
29730 64824
29779 37159
29835 48268
29843 91839
29844 48082
29846 89252
29897 59739
29911 62942
29935 86186
29976 54581
30040 51785
30060 56864
30088 50041
30098 54398
30111 82580
30130 34454
30156 65371
30161 50667
30196 52817
30244 84315
30245 59991
30257 81953
30273 60072
30297 76202
30305 74085
30317 35754
30356 51499
30497 38688
30514 62070
30538 67608
30610 42367
30625 90472
30667 61239
30684 77916
30706 79741
30722 33671
30729 79995
30788 56397
30794 76665
30801 73673
30804 40918
30818 57480
30822 89461
30826 31884
30905 50750
30908 81504
30939 52215
30983 57696
30986 72388
31012 34186
31057 53655
31113 49371
31151 91813
31186 49840
31191 71567
31218 63007
31233 37540
31242 78680
31247 45289
31320 52042
31326 38287
31358 58103
31462 78692
31501 84333
31509 75056
31576 38774
31596 85186
31620 85641
31626 37953
31667 62302
31704 81761
31729 89310
31753 82206
31766 33273
31795 68884
31806 48738
31895 58039
31942 56222
31987 53732
32056 77258
32074 39813
32138 38183
32170 79226
32186 83849
32221 72004
32266 87010
32286 39410
32287 87304
32306 33595
32346 64918
32383 80030
32396 87932
32402 79753
32446 56311
32555 43140
32589 51498
32626 44821
32642 70441
32657 38584
32672 77944
32678 88262
32703 74501
32710 83167
32734 49276
32741 67726
32742 68121
32792 80485
32804 86934
32835 47479
32846 56946
32875 35286
32902 57597
32917 41498
32943 40309
32957 87300
32965 33471
32970 56422
33008 81355
33044 77775
33118 66546
33190 49693
33241 76300
33297 49676
33298 89000
33305 80024
33339 77848
33361 75450
33383 39571
33405 80504
33431 47459
33440 35650
33450 89702
33459 39228
33563 73953
33565 86847
33580 60354
33610 55101
33613 88556
33648 59577
33690 86827
33732 78747
33777 38209
33859 57172
33920 40825
33934 60926
33944 51289
33964 63683
33992 72233
34039 44761
34079 84577
34101 60377
34165 79988
34198 81861
34210 91928
34238 82089
34243 63568
34259 52118
34294 61843
34314 89895
34348 74521
34375 74348
34467 78782
34476 91154
34496 37566
34497 51176
34534 78634
34549 70996
34572 77978
34714 36650
34747 81854
34757 52098
34822 50656
34888 53212
34893 51833
34955 50775
35048 63810
35109 76592
35211 49195
35235 79251
35267 56312
35269 92862
35294 62082
35345 50711
35412 84812
35431 57725
35471 43871
35482 68670
35499 39620
35542 78955
35575 69950
35586 70601
35601 74342
35621 40537
35843 64653
35844 84408
35884 84646
35915 76129
35922 71103
35952 70152
36000 71352
36035 58268
36089 75419
36169 86009
36178 83832
36188 46274
36228 65564
36231 49661
36247 46240
36290 90302
36294 67928
36359 43273
36390 47903
36393 41928
36507 74131
36548 48441
36555 39035
36624 61602
36678 82566
36772 55948
36780 87775
36841 51810
36845 57951
36949 44252
36966 82918
36996 82519
37041 71883
37096 76709
37118 49619
37142 83937
37153 91439
37184 92129
37211 53432
37214 71944
37219 78663
37238 78181
37269 79618
37317 42998
37320 74138
37337 76845
37379 78800
37469 44851
37472 54458
37533 68612
37534 86179
37559 73724
37577 78169
37582 54851
37614 50069
37651 54480
37689 92015
37703 63703
37714 57903
37745 75022
37781 84193
37797 54763
37849 85611
37863 57113
37887 50406
37891 50266
37921 77838
37956 56896
37973 74024
37994 80779
38085 55429
38123 81076
38143 90466
38150 63225
38170 82130
38172 51016
38184 39864
38217 75845
38282 53035
38286 50527
38342 79554
38366 73704
38422 92774
38442 45476
38453 60490
38588 39616
38619 55683
38707 52772
38715 86674
38752 44322
38835 85811
38942 88959
38958 52415
38996 75349
39021 65267
39032 69573
39040 43476
39099 87536
39152 83817
39165 90539
39242 90830
39273 48341
39292 48608
39298 63844
39323 70463
39336 48876
39339 46853
39346 83113
39451 90489
39548 54433
39559 80348
39611 88175
39705 82162
39720 67814
39761 49834
39768 57351
39783 85859
39810 83708
39833 60669
39852 48379
39865 53947
39898 91505
39900 64911
39913 45151
39916 86555
39947 76302
39956 74261
39978 47727
39979 63599
40017 80210
40029 91059
40035 44843
40060 72064
40062 79384
40119 55508
40299 47824
40321 55724
40439 88833
40487 60070
40506 50244
40512 51104
40591 89851
40740 83742
40818 52111
40820 70866
40830 89130
40841 68160
40847 50268
40896 87036
40907 60260
40915 83371
40919 91807
40965 43551
40992 88282
41029 87659
41059 41778
41096 67657
41125 78946
41128 76247
41143 89416
41163 46385
41170 89191
41184 66258
41191 72451
41240 85303
41262 61841
41319 69235
41353 74825
41360 80859
41363 46541
41385 85852
41386 58348
41397 48756
41416 59028
41418 69492
41443 44844
41447 63340
41465 85517
41487 92664
41501 90879
41518 61618
41536 66574
41563 83957
41582 44712
41627 59829
41635 73220
41688 76923
41746 52531
41773 56809
42032 58080
42106 79874
42136 77869
42250 61749
42262 50797
42285 43512
42293 55603
42331 64810
42358 69707
42366 55744
42440 78113
42445 68745
42446 70280
42518 86356
42533 74559
42549 79565
42744 55703
42831 80323
42864 62373
42921 61950
42937 54385
43141 79627
43144 86608
43177 81880
43184 91446
43217 92119
43236 43879
43240 49488
43243 69317
43294 71365
43341 53922
43352 48781
43405 62725
43514 52725
43582 66116
43601 70895
43750 65911
43766 69563
43792 68409
43810 46334
43881 70097
43895 82464
43914 84129
43933 90293
43941 63224
44069 50243
44071 90058
44165 75346
44168 62971
44290 51852
44359 66738
44366 62282
44384 60566
44419 91006
44462 75662
44529 69822
44534 68223
44569 61551
44575 84285
44579 69374
44624 46225
44680 68652
44701 76281
44751 75221
44771 66048
44772 61792
44845 81107
44890 72776
45031 88113
45064 68377
45165 74626
45166 86585
45245 47801
45280 70198
45313 65542
45361 92616
45405 71646
45452 81205
45465 90260
45470 79833
45471 84357
45483 72945
45518 48102
45573 72000
45600 65063
45627 90998
45651 67514
45665 47759
45842 79426
45953 72385
46007 75173
46079 84866
46121 57082
46141 49284
46150 46911
46185 64382
46231 64513
46293 91709
46383 92172
46459 72006
46522 47360
46542 81114
46549 77185
46594 69010
46659 59449
46694 67177
46704 90925
46840 57502
46846 48899
46919 61588
46937 59560
46976 54188
47079 69063
47080 81286
47083 76024
47102 55038
47107 53708
47120 80053
47175 55723
47232 63561
47235 69012
47282 85137
47307 62067
47329 92831
47335 83171
47348 76407
47377 67114
47469 62148
47521 50382
47569 92518
47703 71412
47720 89379
47764 58043
47768 66047
47865 50756
47973 51817
47991 65151
48011 61990
48030 84145
48092 49542
48113 82450
48179 65121
48223 80510
48226 57353
48240 89173
48291 73784
48406 68404
48445 52488
48466 78234
48500 81296
48784 84060
48814 70661
48817 73152
48926 55719
49041 75688
49053 53074
49075 54658
49107 51217
49140 84997
49232 71918
49281 59632
49309 63254
49372 87463
49422 58065
49434 73735
49440 89668
49449 51619
49485 84953
49574 86658
49704 85794
49839 92280
49849 73402
49865 84695
49879 61636
49888 73764
49925 66000
49967 67966
49978 70049
50002 77304
50015 56850
50155 85138
50165 92220
50308 75725
50338 91740
50345 67789
50362 51258
50368 91699
50429 73944
50465 54437
50525 51205
50584 61676
50588 86514
50598 86453
50875 80754
50894 58627
51020 52816
51097 73678
51112 91286
51150 52973
51193 51762
51208 75671
51355 59009
51375 67959
51376 66822
51471 89918
51481 74284
51605 72001
51640 83074
51776 77980
51840 63715
51968 70125
52077 54608
52150 91453
52397 69515
52644 76440
52822 81774
52870 55841
52901 57432
52975 55326
53037 59526
53121 78576
53182 91161
53203 59525
53239 74079
53454 83819
53463 67186
53533 75440
53555 55392
53593 75301
53861 67204
53874 65720
53915 63320
53957 64394
54034 58390
54088 73711
54142 56531
54243 74875
54270 89852
54351 89760
54446 62950
54448 89566
54473 61982
54621 69356
54823 75750
54846 63035
54887 90847
54907 75877
54908 59833
55005 71837
55055 82276
55082 85537
55160 67639
55186 84337
55218 68714
55248 89540
55262 82606
55275 64273
55313 55696
55332 76675
55350 83226
55357 78515
55386 88273
55410 86628
55660 79764
55671 70608
55765 86719
55844 65093
55845 83888
55961 65415
56044 76886
56110 91239
56116 78189
56244 82234
56248 61418
56324 88271
56663 84265
56870 59120
57025 58195
57030 79605
57077 65357
57147 83365
57151 60788
57215 87891
57245 65181
57257 61067
57435 87809
57473 83000
57584 73831
57792 70007
57820 62820
57874 64618
57918 66112
57984 69743
58131 67623
58140 67469
58147 83898
58172 81808
58186 91789
58230 69601
58432 74179
58481 64991
58621 84253
58629 86113
58671 84926
58689 84829
58922 71691
59137 76637
59209 72397
59210 60964
59230 88228
59351 60396
59536 86395
59548 69993
59691 88964
59703 81499
59900 80995
59968 63869
60244 64222
60261 68700
60716 62980
60747 63639
60846 81255
60847 69865
60910 64288
60943 64951
61232 78766
61489 61564
61517 82325
61544 69853
61591 87208
61694 80079
61789 77633
61799 88223
61915 69349
62030 85140
62167 78992
62211 78054
62237 65963
62409 90864
62459 85434
62513 73632
62553 76270
62634 87506
62960 82785
63072 68958
63115 85885
63348 65273
63441 74642
63467 83266
63480 79241
63534 89373
63567 77909
63696 67839
63833 92398
63834 71157
64009 69735
64265 73920
64388 80636
64447 90344
64485 67157
64505 89151
64611 80031
64732 84336
65024 79804
65084 75422
65241 82172
65480 82002
65612 84510
65641 72765
65881 88488
65886 76248
65942 88383
65997 85951
66201 69704
66517 87917
66680 87953
66938 74669
67042 71308
67149 89699
67195 76674
67272 88045
67452 83080
67465 84209
67508 73538
67526 81198
67532 69470
67583 88061
67591 77290
67697 76400
67827 90972
68310 82003
68417 69907
68623 72289
68836 72312
68913 85029
68971 71418
69191 91962
69958 88465
70016 71759
70273 85294
70351 75242
70472 75797
70524 76878
70632 88452
71105 90638
71196 71900
71223 82515
71307 73710
71315 81717
71589 82407
71602 90603
71920 75995
71950 73679
72213 81462
72291 85475
72361 75782
72638 89654
72797 73775
73161 86018
73206 80834
73840 88374
73925 75473
73928 77899
74044 84042
74952 84186
75082 81191
75366 92762
75801 92291
75938 88734
75940 80037
76083 87125
76430 81843
76628 90724
76966 82962
77171 90643
77894 87009
78526 91166
78718 81656
79200 79978
79274 88912
79503 89485
79736 82138
80057 80274
80953 85087
81408 86062
82350 88575
82428 89185
82561 91500
82760 82811
83381 86661
83657 89903
83726 90642
83915 84901
85173 86819
85598 87539
87158 90758
88001 90496
89880 92445
91052 92588
91976 92131
