11348 93453
11387 74693
11390 63946
11417 68720
11458 42770
11556 35937
11559 95145
11613 68379
11618 49795
11651 36528
11675 63286
11698 68431
11739 85944
11748 65426
11760 92180
11774 33825
11783 57629
11910 82129
12023 60193
12027 59929
12028 26266
12035 43003
12188 67436
12218 88295
12277 32455
12280 45753
12305 82763
12381 85973
12387 97280
12403 22273
12445 62732
12484 93731
12517 27454
12539 82936
12581 29918
12604 77696
12615 15433
12658 53697
12747 43981
12803 95320
12825 15039
12830 26483
12841 95507
12843 36889
12873 68482
12900 47877
12908 15181
12953 93696
13049 33278
13139 43218
13144 34071
13160 56745
13231 75764
13313 98445
13330 96837
13345 95828
13389 26062
13403 82304
13434 52465
13436 75844
13453 15596
13471 28898
13481 53032
13539 53998
13581 98650
13659 30196
13713 77951
13717 63954
13823 96413
13832 53786
13849 42112
13887 64169
13940 67562
14040 66878
14051 56516
14135 77022
14182 71044
14210 89082
14234 44660
14259 37355
14287 91266
14319 49656
14339 73556
14352 55603
14370 90857
14385 66362
14388 49205
14489 42644
14507 90038
14511 70620
14624 28824
14651 56560
14681 98935
14740 49427
14752 94385
14760 68648
14808 87126
14812 86033
14814 42099
14847 90500
14876 18578
14899 31296
15072 44217
15077 30485
15106 59654
15111 83345
15130 42680
15180 36210
15220 60742
15236 40802
15243 76359
15286 93900
15325 96266
15350 93114
15360 88455
15403 76304
15407 84273
15422 86433
15488 32273
15502 88517
15518 74495
15605 54561
15613 41960
15614 41374
15615 91520
15621 97292
15644 33614
15699 62939
15730 60243
15738 76220
15746 56231
15803 55886
15833 61050
15835 69564
15855 58069
15860 67822
15865 61526
15870 39287
15877 96172
15910 49887
15973 66862
16051 89301
16058 26457
16072 98619
16119 51161
16124 81756
16133 84873
16136 95493
16158 34390
16159 52674
16177 40124
16182 81687
16255 96259
16306 89972
16370 93574
16436 31799
16500 49441
16503 92354
16549 63388
16551 19097
16563 84876
16618 69495
16676 66275
16681 80472
16921 62504
16932 95111
16948 86107
16951 69279
16999 58375
17002 46969
17017 24350
17040 69361
17064 51478
17106 41282
17159 60599
17242 29654
17263 70945
17286 53642
17292 89195
17303 69138
17410 96648
17465 37421
17520 76418
17529 76372
17539 43073
17599 20726
17601 48408
17602 71339
17612 40748
17653 63961
17724 39844
17729 76574
17764 42156
17785 80273
17853 89429
17880 73443
17927 70826
17956 78679
17989 96598
18003 88765
18109 30301
18136 75579
18150 70334
18181 40562
18212 95378
18218 19965
18238 81750
18317 47554
18326 66405
18338 62825
18354 93183
18404 37557
18411 89267
18449 63603
18461 56561
18462 99225
18517 45766
18609 65973
18727 63520
18736 60923
18752 90535
18791 68174
18856 53975
18912 73369
18946 49232
18957 62407
18964 92726
18974 55650
19033 52925
19034 78518
19042 91762
19153 50858
19172 61706
19186 33575
19195 98586
19305 65926
19307 39452
19312 50955
19313 69928
19324 78886
19396 71847
19422 83366
19466 53888
19480 34919
19524 70848
19536 52090
19598 92671
19608 58092
19639 96547
19651 57491
19769 75706
19773 35309
19782 92827
19826 77749
19935 34311
19964 69804
19969 77968
19983 28398
19989 70453
20127 81943
20206 76572
20230 50115
20277 36825
20321 64913
20324 46483
20325 70614
20381 44583
20428 24626
20445 70606
20518 74959
20522 59814
20577 62294
20594 68587
20616 32620
20622 56539
20629 78608
20691 38464
20788 52502
20805 31971
20820 68152
20830 81402
20926 32543
20928 83063
21031 94014
21074 34401
21115 50310
21170 67885
21200 55262
21241 74429
21244 79419
21268 65118
21288 28122
21291 87771
21385 26960
21427 60165
21458 57561
21459 94710
21490 53878
21496 53626
21564 86292
21574 93418
21638 64980
21642 49681
21686 36545
21853 96116
21867 25615
21888 52735
21913 49244
21917 63826
21978 97781
22115 61296
22132 24923
22139 72311
22182 79330
22241 63644
22275 72379
22293 76876
22301 41538
22374 72769
22402 62201
22410 43716
22428 78277
22432 56120
22463 86641
22500 82055
22525 66729
22585 52488
22643 56743
22682 31110
22685 34556
22691 84887
22803 25019
22809 49384
22813 77903
22828 87712
22950 49349
22951 91639
22988 88474
23082 86885
23304 55322
23366 80231
23395 43390
23419 78270
23554 77452
23577 59801
23594 26710
23691 54729
23702 46034
23732 24348
23777 65879
23791 26521
23805 61812
23809 49586
23810 59531
23815 86541
23904 82898
23906 94279
24015 54651
24016 39298
24022 78536
24056 91713
24126 59292
24134 54544
24146 70972
24157 35822
24170 95093
24240 45393
24261 38971
24292 91151
24296 36746
24321 85163
24334 32086
24385 76716
24477 42534
24676 50257
24720 41011
24728 48826
24739 58438
24833 44305
24877 82232
25002 87933
25010 41199
25046 54594
25056 67710
25084 59692
25159 50665
25215 54800
25243 81733
25298 34822
25323 89443
25334 68869
25358 34248
25388 35526
25468 26898
25472 90861
25569 87601
25580 51049
25589 67864
25592 34393
25635 88290
25640 57224
25657 54153
25782 98754
25946 97764
25969 31582
26047 81854
26119 98479
26172 65332
26180 79516
26210 70499
26274 71074
26275 59151
26302 84420
26332 44929
26383 58534
26446 81694
26462 60121
26480 53281
26561 50165
26568 49789
26582 84466
26638 45303
26736 65943
26744 94637
26782 86459
26915 44696
26940 58779
26982 47748
27088 94832
27115 87236
27149 70417
27150 92061
27255 36588
27328 63799
27362 80761
27370 90403
27391 88348
27424 63455
27448 40518
27458 40217
27495 55922
27559 75627
27566 58360
27567 89370
27611 41305
27630 53709
27687 98859
27691 81866
27722 52361
27791 50603
27903 62593
27924 31628
27948 35514
27990 43478
28008 67486
28013 92082
28085 31789
28166 73940
28176 90109
28223 69597
28245 80976
28277 33901
28293 66078
28311 51372
28319 81355
28378 61411
28438 86472
28491 60559
28516 31375
28533 85539
28548 76108
28697 49045
28703 52300
28723 65995
28730 74599
28755 96290
28756 76874
28812 71548
28814 61503
28870 57244
28873 58321
28874 88632
28954 87949
28973 69997
28978 65495
29030 92551
29034 30071
29056 91141
29121 29979
29124 71953
29145 91216
29149 34832
29151 35981
29156 58176
29161 83354
29239 96016
29242 65961
29349 30054
29378 43110
29431 98183
29439 75027
29458 66999
29510 55242
29576 41534
29582 52376
29594 78469
29606 79238
29649 96685
29714 54980
29717 59738
29737 88612
29755 69538
29848 90097
29860 78635
29866 87021
29968 87299
30030 71611
30049 81568
30064 74486
30117 67173
30147 93189
30148 75168
30189 47594
30239 89065
30277 60672
30299 91617
30340 91431
30378 62418
30384 85011
30398 94476
30422 48045
30466 64855
30468 50466
30497 83477
30521 78419
30565 74406
30571 81810
30575 36979
30595 62184
30632 30876
30649 74244
30686 56118
30737 74182
30752 51027
30756 58499
30795 91934
30826 82179
30827 39258
30890 53112
30948 93862
30981 57024
30995 53554
31008 36703
31227 65984
31263 78595
31285 87148
31321 34494
31412 31847
31441 98118
31474 93276
31484 74325
31519 89220
31544 84113
31560 59779
31571 94041
31638 53370
31660 65269
31791 39201
31918 65460
31988 83980
31996 95973
32032 38669
32100 90076
32121 67576
32171 74903
32209 54724
32313 89726
32377 33811
32454 55793
32470 41730
32476 32886
32556 42420
32564 55890
32572 68932
32580 49052
32738 70777
32756 48778
32793 78670
32838 75154
32864 62042
32921 36180
32944 89847
32975 41260
32990 83876
32992 96211
33074 70741
33078 86914
33114 95448
33178 70822
33247 94879
33371 77437
33393 93188
33417 67880
33437 45674
33512 90595
33538 45061
33572 46439
33658 83946
33715 69776
33731 68971
33736 48501
33763 65136
33769 62516
33770 67560
33796 67933
33813 72792
33823 35377
33834 65185
33879 79866
33909 94519
33929 37686
33968 70572
34052 74283
34054 72955
34062 35747
34135 36111
34312 80722
34322 34909
34359 46691
34425 96514
34566 69157
34634 75735
34830 53394
34855 89753
34946 93885
35035 92333
35047 40620
35106 40484
35161 66406
35177 82845
35184 70791
35294 95941
35312 44360
35455 53501
35458 86340
35459 96718
35482 91980
35493 60602
35509 81840
35527 81184
35574 70245
35631 44236
35645 36785
35726 87727
35787 93925
35826 48920
35849 95016
35858 48883
35865 49198
35868 63787
35943 79073
35949 61453
35986 69707
36011 91900
36050 93898
36052 40625
36109 82107
36114 54703
36166 41542
36187 91128
36233 65634
36340 60792
36363 56206
36370 81129
36409 50332
36440 74882
36584 49215
36662 82768
36697 87638
36753 60133
36754 42345
36793 90483
36803 96407
36927 87116
36969 81498
36987 57524
37003 86969
37107 52116
37109 55832
37125 54285
37150 74509
37165 93921
37292 92730
37294 65301
37351 64313
37449 75139
37458 50604
37491 43002
37540 95501
37555 43672
37558 48084
37580 70522
37613 73078
37665 46049
37675 76856
37723 42581
37748 73528
37780 70471
37789 71644
37842 47286
37895 60391
37955 45154
37982 65954
38004 55152
38093 64194
38106 41317
38142 98126
38298 38437
38328 58869
38359 74272
38411 82124
38511 40448
38516 93265
38595 68406
38604 98395
38640 99010
38651 98034
38652 51245
38730 65247
38843 69092
38881 47350
38963 63814
39177 43962
39187 83040
39318 40080
39324 52244
39403 88737
39407 89574
39414 47582
39463 43434
39517 80543
39529 69090
39562 74470
39581 95932
39606 86482
39638 50218
39786 91102
39832 70981
39886 80466
39887 50294
39991 70475
40024 44559
40204 79726
40214 89096
40225 98739
40305 44004
40307 87681
40317 60572
40352 83888
40515 91109
40607 97811
40690 44802
40718 51614
40771 55856
40821 47283
40845 51881
40863 68238
40871 55640
40987 95313
41028 95345
41053 42118
41120 76873
41176 53687
41235 46986
41338 92195
41370 57768
41467 83418
41491 64300
41532 50660
41611 97107
41698 95859
41813 56980
41829 88345
41840 82496
41863 86777
41919 46231
41932 68211
41940 53569
41967 95877
42142 95265
42573 63342
42589 46442
42681 51448
42812 66309
42912 53103
42916 45578
43021 93251
43031 53188
43053 94413
43075 45069
43153 77608
43213 78241
43286 62431
43315 91668
43339 68320
43453 81534
43606 44564
43610 69753
43613 72159
43654 65768
43673 51746
43677 56982
43727 72265
43729 81575
43743 77200
43747 96164
43922 83829
43961 48241
44015 69702
44062 49589
44112 71765
44160 69461
44171 91233
44277 73033
44285 99167
44428 95854
44552 90466
44581 74222
44826 68339
44859 64060
44903 89746
44939 89107
44962 72549
45015 51885
45078 51551
45099 98841
45127 87453
45176 71125
45186 72508
45207 48770
45231 56899
45246 82855
45292 49842
45330 46298
45423 68546
45430 98843
45488 73539
45538 63730
45601 90703
45624 64666
45675 66674
45706 74668
45710 64595
45773 69881
45907 51264
46040 75342
46080 85263
46085 50240
46098 97367
46212 58789
46233 93964
46241 50609
46372 81307
46378 77818
46444 52629
46603 58506
46651 93084
46787 85158
46883 91991
46911 62151
46922 90763
46999 47111
47181 62608
47188 87694
47214 98830
47234 51407
47297 64718
47300 54941
47332 94301
47341 71967
47456 61757
47483 49945
47569 94226
47578 57804
47601 50457
47644 48479
47705 65200
47983 92106
48047 89767
48057 74330
48111 60038
48203 50125
48232 72586
48269 89034
48303 64918
48385 54400
48431 73483
48466 64500
48518 79737
48672 75814
48678 61284
48682 99163
48696 49598
48845 83833
48851 84644
48863 79286
48866 78588
48929 58604
49088 86263
49136 73659
49172 64220
49258 85516
49261 98906
49309 82781
49338 76276
49468 57860
49476 63845
49799 91063
49821 94007
49864 58724
49949 59487
50124 80446
50152 74501
50195 53364
50204 73678
50222 60080
50225 93301
50248 53808
50337 89503
50437 84928
50454 83322
50657 83837
50680 65968
50706 70896
50899 66142
50968 53518
51010 72479
51024 59988
51102 82500
51165 88893
51295 52575
51299 84678
51333 55234
51352 73413
51387 96282
51432 88204
51458 91187
51639 83759
51645 90360
51670 86844
51790 81392
51860 83685
51903 87020
51911 88206
51929 58001
52124 57285
52209 91834
52233 99110
52278 58085
52290 88618
52297 75311
52306 55558
52343 77028
52351 56672
52534 89859
52549 67196
52572 70516
52863 63394
52894 63804
52915 60196
52990 58290
53070 73829
53143 92253
53245 96936
53251 88855
53295 88925
53479 61870
53568 67676
53611 98941
53792 61573
54115 77431
54322 93457
54622 73983
54738 78709
54847 54976
54927 70860
55024 56630
55060 75612
55090 78753
55101 92646
55113 71881
55211 68883
55243 58295
55320 75385
55384 76805
55393 74757
55409 98750
55492 95587
55547 80829
55629 80373
55635 86912
55637 93544
55695 80607
55753 72954
55827 75785
55961 86312
55981 72531
56006 76860
56080 56287
56174 88482
56385 59875
56394 92783
56695 93135
56792 66415
56963 57067
57000 75043
57044 84270
57076 67616
57197 68642
57204 70409
57265 65498
57270 78549
57407 85231
57428 64558
57533 62000
57604 76202
57670 91542
58070 80089
58192 66008
58326 74896
58349 72424
58481 73632
58544 95798
58546 60089
58764 81773
58871 92650
58979 83710
59141 71586
59173 81566
59201 77889
59337 63550
59414 67135
59467 91342
59472 60051
59574 97595
59642 85933
59754 81945
59835 78930
59887 75738
59946 88192
60050 64477
60056 73764
60072 63412
60081 97890
60153 93461
60161 90750
60465 76428
60497 73888
60535 79867
60652 93207
60698 77574
60850 77882
60928 82711
60999 85556
61132 90136
61272 90929
61300 71058
61445 98652
61462 96726
61524 69537
61627 83122
61646 76154
61666 84749
61887 87192
61973 86947
62383 98161
62466 72316
62494 91401
62609 76812
62615 89809
62738 94147
62777 96487
63250 95267
63403 63426
63475 89551
63501 93432
63503 74898
63536 95744
63640 81083
63752 90605
63778 93250
63791 68448
63919 78897
63942 85455
63964 70587
64076 74805
64211 95778
64342 73849
64350 94833
64406 94202
64473 72380
64615 98825
64691 76086
64757 98421
64766 78969
64769 66761
64865 87977
64933 88328
64970 68863
65109 93661
65204 67407
65215 76524
65221 80956
65568 74219
65648 68612
65652 80533
65884 72854
65986 87406
66284 68717
66328 83430
66394 77123
66466 68518
66557 83038
66608 93646
66928 98588
66944 88873
67159 85716
67285 78457
67347 89091
67466 80289
67709 76491
67875 84748
67956 72529
68051 71528
68061 90805
68151 83188
68193 78856
68297 81376
68301 75075
68318 72948
68337 81658
68492 78008
68562 87013
68589 92683
68814 86585
69123 71571
69176 90033
69247 79927
69275 95673
69311 73264
69454 86254
69825 88153
70045 90463
70066 82161
70165 72542
70390 71825
70438 76548
70443 83116
70573 86643
70574 71994
70640 82366
70766 98763
71231 98344
71245 95127
71467 80332
71849 82606
71895 84356
72149 72614
72668 77862
72686 94218
72719 77989
72721 76339
73048 78723
73071 77695
73103 74664
73179 78000
73403 78421
73662 95558
73813 89130
73979 77027
73999 95765
74016 74209
74056 92212
74063 94701
74339 79128
74423 98047
74484 80197
74662 88488
74886 96363
75166 93806
75325 91081
75421 95822
75465 92095
75487 83855
75489 91589
75705 93407
75813 99069
75907 89417
76140 87373
76299 97886
76921 92570
77019 85825
77163 82482
77424 81821
77541 84000
77712 96919
78028 80796
78276 80114
78286 92770
78489 88421
79239 84518
79456 86308
79479 84276
79612 97792
80554 85831
80610 98384
80674 91062
80948 99283
81096 85607
81118 82756
81884 88467
82201 98261
82216 82742
82312 83624
82580 93864
83204 96993
83826 96530
84087 86037
84457 94184
84951 94329
85155 95945
85358 98869
85388 93953
85903 92097
86366 96247
86696 94130
86990 89992
87814 89697
87911 96668
88213 94222
89234 91674
89445 91582
89579 92466
89842 99226
89848 90488
89865 93611
90326 97206
91156 95354
91180 95253
92259 96035
92285 92886
92477 95566
92515 96307
92588 98855
92641 93972
95531 95944
